8640 0 0 0 -39.9973 -59.996 -69.9953 
4015 0 0 0 -39.9973 -59.996 -69.9953 
3965 0 0 0 -79.9787 -119.968 -139.963 
4033 0 0 0 -79.9787 -119.968 -139.963 
3968 0 0 0 -119.928 -179.892 -209.874 
4032 0 0 0 -119.928 -179.892 -209.874 
4216 0 0 0 -159.829 -239.744 -279.701 
3787 0 0 0 -159.829 -239.744 -279.701 
4001 0 0 0 -159.829 -239.744 -279.701 
3995 0 0 0 -199.667 -299.5 -349.417 
4000 0 0 0 -199.667 -299.5 -349.417 
4218 0 0 0 -239.424 -359.137 -418.993 
3790 0 0 0 -239.424 -359.137 -418.993 
3980 0 -15 -15 -239.424 -359.137 -418.993 
3989 0 -15 -15 -279.086 -418.629 -488.401 
3993 0 -30 -15 -279.086 -418.629 -488.401 
4248 -15 -30 -30 -318.636 -477.955 -557.614 
3790 -15 -30 -60 -318.636 -477.955 -557.614 
3999 -15 -60 -75 -318.636 -477.955 -557.614 
4001 -15 -60 -90 -358.059 -537.089 -626.604 
3999 -30 -90 -105 -358.059 -537.089 -626.604 
4209 -45 -105 -135 -397.339 -596.008 -695.343 
3763 -45 -120 -165 -397.339 -596.008 -695.343 
4029 -75 -150 -180 -397.339 -596.008 -695.343 
4002 -90 -165 -195 -436.459 -654.689 -763.804 
3996 -105 -195 -240 -436.459 -654.689 -763.804 
4211 -105 -225 -255 -475.405 -713.108 -831.959 
3786 -135 -240 -300 -475.405 -713.108 -831.959 
4002 -135 -270 -330 -475.405 -713.108 -831.959 
4000 -165 -300 -345 -514.161 -771.242 -899.782 
3999 -180 -345 -390 -514.161 -771.242 -899.782 
4184 -210 -375 -435 -552.711 -829.067 -967.245 
3810 -240 -420 -465 -552.711 -829.067 -967.245 
4009 -255 -450 -510 -552.711 -829.067 -967.245 
3994 -285 -495 -570 -591.04 -886.561 -1034.32 
3997 -315 -540 -600 -591.04 -886.561 -1034.32 
4210 -330 -570 -630 -629.133 -943.7 -1100.98 
3790 -360 -615 -690 -629.133 -943.7 -1100.98 
3998 -390 -660 -735 -629.133 -943.7 -1100.98 
4002 -420 -690 -780 -666.974 -1000.46 -1167.2 
4021 -450 -750 -825 -666.974 -1000.46 -1167.2 
4197 -480 -780 -870 -704.548 -1056.82 -1232.96 
3793 -495 -810 -915 -704.548 -1056.82 -1232.96 
3994 -525 -855 -960 -704.548 -1056.82 -1232.96 
3998 -555 -915 -1020 -741.841 -1112.76 -1298.22 
4001 -585 -945 -1065 -741.841 -1112.76 -1298.22 
4212 -615 -975 -1110 -778.837 -1168.26 -1362.96 
3788 -645 -1020 -1170 -778.837 -1168.26 -1362.96 
3999 -675 -1080 -1215 -778.837 -1168.26 -1362.96 
3999 -690 -1110 -1260 -815.521 -1223.28 -1427.16 
3976 -720 -1140 -1305 -815.521 -1223.28 -1427.16 
4241 -765 -1185 -1350 -851.879 -1277.82 -1490.79 
3779 -780 -1230 -1395 -851.879 -1277.82 -1490.79 
4000 -810 -1260 -1440 -851.879 -1277.82 -1490.79 
3997 -840 -1290 -1485 -887.896 -1331.84 -1553.82 
3999 -870 -1335 -1530 -887.896 -1331.84 -1553.82 
4210 -870 -1365 -1560 -923.558 -1385.34 -1616.23 
3789 -900 -1395 -1605 -923.558 -1385.34 -1616.23 
4000 -930 -1425 -1650 -923.558 -1385.34 -1616.23 
3980 -960 -1440 -1695 -958.851 -1438.28 -1677.99 
4149 -960 -1470 -1740 -958.851 -1438.28 -1677.99 
4084 -990 -1515 -1770 -993.76 -1490.64 -1739.08 
3795 -1020 -1530 -1800 -993.76 -1490.64 -1739.08 
3999 -1035 -1545 -1830 -993.76 -1490.64 -1739.08 
4001 -1050 -1575 -1860 -1028.27 -1542.41 -1799.48 
3999 -1080 -1605 -1890 -1028.27 -1542.41 -1799.48 
4238 -1095 -1620 -1935 -1062.37 -1593.56 -1859.15 
3761 -1125 -1635 -1965 -1062.37 -1593.56 -1859.15 
3980 -1125 -1665 -1980 -1062.37 -1593.56 -1859.15 
4014 -1155 -1680 -2010 -1096.05 -1644.07 -1918.08 
4002 -1155 -1710 -2025 -1096.05 -1644.07 -1918.08 
4235 -1185 -1725 -2055 -1129.28 -1693.93 -1976.25 
3762 -1200 -1755 -2085 -1129.28 -1693.93 -1976.25 
3999 -1200 -1770 -2115 -1129.28 -1693.93 -1976.25 
4002 -1230 -1785 -2145 -1162.07 -1743.11 -2033.62 
4029 -1230 -1785 -2160 -1162.07 -1743.11 -2033.62 
4180 -1245 -1800 -2190 -1194.39 -1791.59 -2090.18 
3833 -1260 -1830 -2205 -1194.39 -1791.59 -2090.18 
3964 -1275 -1845 -2235 -1194.39 -1791.59 -2090.18 
3999 -1290 -1860 -2250 -1226.23 -1839.35 -2145.91 
3987 -1290 -1875 -2280 -1226.23 -1839.35 -2145.91 
4245 -1305 -1890 -2295 -1257.59 -1886.38 -2200.78 
3794 -1320 -1905 -2310 -1257.59 -1886.38 -2200.78 
4001 -1335 -1920 -2325 -1257.59 -1886.38 -2200.78 
3993 -1350 -1935 -2355 -1288.44 -1932.65 -2254.76 
3999 -1365 -1965 -2370 -1288.44 -1932.65 -2254.76 
4223 -1365 -1965 -2385 -1318.77 -1978.15 -2307.85 
3785 -1380 -1995 -2415 -1318.77 -1978.15 -2307.85 
4005 -1380 -2010 -2430 -1318.77 -1978.15 -2307.85 
3955 -1410 -2040 -2445 -1348.58 -2022.86 -2360.01 
4038 -1425 -2055 -2460 -1348.58 -2022.86 -2360.01 
4207 -1440 -2070 -2460 -1377.84 -2066.76 -2411.23 
3793 -1440 -2085 -2490 -1377.84 -2066.76 -2411.23 
4000 -1440 -2115 -2505 -1377.84 -2066.76 -2411.23 
4000 -1455 -2130 -2535 -1406.56 -2109.84 -2461.48 
3999 -1470 -2160 -2535 -1406.56 -2109.84 -2461.48 
4173 -1485 -2190 -2550 -1434.71 -2152.07 -2510.75 
3805 -1485 -2205 -2580 -1434.71 -2152.07 -2510.75 
4018 -1500 -2220 -2595 -1434.71 -2152.07 -2510.75 
3998 -1515 -2235 -2625 -1462.29 -2193.44 -2559.01 
4000 -1530 -2265 -2640 -1462.29 -2193.44 -2559.01 
4207 -1530 -2280 -2655 -1489.29 -2233.93 -2606.25 
3791 -1545 -2295 -2670 -1489.29 -2233.93 -2606.25 
3991 -1560 -2325 -2685 -1489.29 -2233.93 -2606.25 
4010 -1560 -2325 -2715 -1515.69 -2273.53 -2652.45 
4014 -1575 -2355 -2730 -1515.69 -2273.53 -2652.45 
4168 -1590 -2370 -2745 -1541.48 -2312.22 -2697.59 
3822 -1590 -2400 -2775 -1541.48 -2312.22 -2697.59 
3996 -1605 -2415 -2790 -1541.48 -2312.22 -2697.59 
4000 -1620 -2430 -2820 -1566.65 -2349.98 -2741.64 
3997 -1635 -2445 -2850 -1566.65 -2349.98 -2741.64 
4208 -1650 -2475 -2880 -1591.2 -2386.8 -2784.61 
3793 -1650 -2475 -2895 -1591.2 -2386.8 -2784.61 
4001 -1650 -2505 -2895 -1591.2 -2386.8 -2784.61 
4009 -1665 -2520 -2925 -1615.12 -2422.67 -2826.45 
3995 -1695 -2535 -2955 -1615.12 -2422.67 -2826.45 
4208 -1695 -2565 -2970 -1638.38 -2457.57 -2867.17 
3792 -1710 -2580 -2985 -1638.38 -2457.57 -2867.17 
3999 -1725 -2595 -3000 -1638.38 -2457.57 -2867.17 
4000 -1740 -2610 -3030 -1660.99 -2491.49 -2906.74 
4000 -1740 -2625 -3045 -1660.99 -2491.49 -2906.74 
4208 -1755 -2640 -3060 -1682.94 -2524.41 -2945.15 
3792 -1770 -2655 -3075 -1682.94 -2524.41 -2945.15 
4005 -1785 -2670 -3090 -1682.94 -2524.41 -2945.15 
3994 -1785 -2685 -3105 -1704.22 -2556.32 -2982.38 
4006 -1800 -2715 -3135 -1704.22 -2556.32 -2982.38 
4202 -1815 -2730 -3150 -1724.81 -2587.21 -3018.41 
3791 -1830 -2745 -3180 -1724.81 -2587.21 -3018.41 
3998 -1845 -2745 -3195 -1724.81 -2587.21 -3018.41 
4002 -1845 -2745 -3210 -1744.71 -2617.07 -3053.24 
4000 -1860 -2760 -3225 -1744.71 -2617.07 -3053.24 
4207 -1860 -2775 -3240 -1763.92 -2645.87 -3086.85 
3797 -1875 -2790 -3240 -1763.92 -2645.87 -3086.85 
3997 -1875 -2805 -3270 -1763.92 -2645.87 -3086.85 
4006 -1890 -2820 -3285 -1782.41 -2673.62 -3119.23 
3992 -1905 -2820 -3300 -1782.41 -2673.62 -3119.23 
4208 -1890 -2835 -3300 -1800.2 -2700.3 -3150.35 
3791 -1905 -2850 -3300 -1800.2 -2700.3 -3150.35 
4000 -1905 -2865 -3330 -1800.2 -2700.3 -3150.35 
3999 -1905 -2865 -3345 -1817.27 -2725.9 -3180.22 
4001 -1935 -2880 -3360 -1817.27 -2725.9 -3180.22 
4171 -1935 -2880 -3360 -1833.61 -2750.41 -3208.81 
3831 -1935 -2895 -3375 -1833.61 -2750.41 -3208.81 
4004 -1950 -2910 -3390 -1833.61 -2750.41 -3208.81 
3994 -1950 -2910 -3405 -1849.21 -2773.82 -3236.12 
3998 -1950 -2925 -3405 -1849.21 -2773.82 -3236.12 
4209 -1950 -2925 -3405 -1864.08 -2796.12 -3262.14 
3791 -1950 -2940 -3435 -1864.08 -2796.12 -3262.14 
4000 -1965 -2955 -3435 -1864.08 -2796.12 -3262.14 
4000 -1965 -2955 -3450 -1878.2 -2817.3 -3286.85 
3998 -1965 -2970 -3450 -1878.2 -2817.3 -3286.85 
4177 -1980 -2985 -3465 -1891.57 -2837.35 -3310.24 
3803 -1980 -3000 -3495 -1891.57 -2837.35 -3310.24 
3990 -1995 -3000 -3495 -1891.57 -2837.35 -3310.24 
3993 -1995 -3000 -3495 -1904.18 -2856.27 -3332.32 
4038 -1995 -3015 -3510 -1904.18 -2856.27 -3332.32 
4207 -1995 -3015 -3525 -1916.03 -2874.05 -3353.06 
3793 -2010 -3030 -3540 -1916.03 -2874.05 -3353.06 
3999 -2010 -3030 -3540 -1916.03 -2874.05 -3353.06 
4000 -2025 -3030 -3540 -1927.12 -2890.67 -3372.45 
4006 -2025 -3045 -3555 -1927.12 -2890.67 -3372.45 
4198 -2040 -3045 -3570 -1937.43 -2906.15 -3390.5 
3795 -2025 -3045 -3585 -1937.43 -2906.15 -3390.5 
3996 -2040 -3045 -3585 -1937.43 -2906.15 -3390.5 
4017 -2040 -3060 -3585 -1946.97 -2920.45 -3407.2 
3996 -2055 -3060 -3600 -1946.97 -2920.45 -3407.2 
4227 -2055 -3060 -3600 -1955.73 -2933.59 -3422.53 
3757 -2055 -3075 -3600 -1955.73 -2933.59 -3422.53 
4000 -2070 -3075 -3600 -1955.73 -2933.59 -3422.53 
3990 -2070 -3090 -3615 -1963.71 -2945.56 -3436.49 
4013 -2070 -3075 -3615 -1963.71 -2945.56 -3436.49 
4232 -2070 -3090 -3615 -1970.9 -2956.35 -3449.07 
3766 -2085 -3090 -3615 -1970.9 -2956.35 -3449.07 
3997 -2070 -3090 -3645 -1970.9 -2956.35 -3449.07 
4001 -2070 -3090 -3645 -1977.3 -2965.96 -3460.28 
3999 -2085 -3105 -3645 -1977.3 -2965.96 -3460.28 
4209 -2085 -3105 -3645 -1982.92 -2974.38 -3470.1 
3791 -2085 -3120 -3660 -1982.92 -2974.38 -3470.1 
4013 -2085 -3120 -3660 -1982.92 -2974.38 -3470.1 
3992 -2085 -3120 -3660 -1987.74 -2981.61 -3478.54 
4000 -2085 -3120 -3660 -1987.74 -2981.61 -3478.54 
4235 -2085 -3135 -3675 -1991.76 -2987.64 -3485.58 
3765 -2085 -3135 -3660 -1991.76 -2987.64 -3485.58 
4000 -2070 -3135 -3660 -1991.76 -2987.64 -3485.58 
4000 -2070 -3135 -3660 -1994.99 -2992.48 -3491.23 
4000 -2085 -3135 -3660 -1994.99 -2992.48 -3491.23 
4234 -2070 -3135 -3675 -1997.42 -2996.13 -3495.49 
3798 -2070 -3150 -3660 -1997.42 -2996.13 -3495.49 
3995 -2085 -3150 -3675 -1997.42 -2996.13 -3495.49 
3970 -2070 -3150 -3660 -1999.05 -2998.58 -3498.34 
4028 -2070 -3150 -3675 -1999.05 -2998.58 -3498.34 
4206 -2070 -3135 -3660 -1999.88 -2999.83 -3499.8 
3794 -2070 -3150 -3660 -1999.88 -2999.83 -3499.8 
3999 -2070 -3135 -3660 -1999.88 -2999.83 -3499.8 
4001 -2070 -3135 -3675 -2000 -3000 -3500 
3998 -2070 -3150 -3660 -2000 -3000 -3500 
4206 -2070 -3150 -3645 -2000 -3000 -3500 
3767 -2070 -3135 -3660 -2000 -3000 -3500 
3997 -2055 -3135 -3645 -2000 -3000 -3500 
3991 -2055 -3135 -3660 -2000 -3000 -3500 
3997 -2055 -3150 -3645 -2000 -3000 -3500 
4248 -2070 -3135 -3660 -2000 -3000 -3500 
3793 -2055 -3135 -3660 -2000 -3000 -3500 
3997 -2070 -3135 -3645 -2000 -3000 -3500 
4003 -2055 -3135 -3630 -2000 -3000 -3500 
3999 -2055 -3135 -3645 -2000 -3000 -3500 
4174 -2055 -3135 -3660 -2000 -3000 -3500 
3824 -2055 -3135 -3630 -2000 -3000 -3500 
4007 -2055 -3120 -3630 -2000 -3000 -3500 
3996 -2055 -3135 -3645 -2000 -3000 -3500 
3999 -2055 -3120 -3645 -2000 -3000 -3500 
4168 -2055 -3135 -3645 -2000 -3000 -3500 
3789 -2040 -3120 -3630 -2000 -3000 -3500 
4042 -2055 -3120 -3615 -2000 -3000 -3500 
3998 -2040 -3120 -3630 -2000 -3000 -3500 
4007 -2055 -3135 -3630 -2000 -3000 -3500 
4200 -2055 -3135 -3615 -2000 -3000 -3500 
3798 -2040 -3120 -3615 -2000 -3000 -3500 
3996 -2055 -3120 -3615 -2000 -3000 -3500 
4000 -2055 -3120 -3615 -2000 -3000 -3500 
3998 -2055 -3120 -3600 -2000 -3000 -3500 
4207 -2040 -3120 -3600 -2000 -3000 -3500 
3795 -2055 -3105 -3600 -2000 -3000 -3500 
3997 -2055 -3120 -3615 -2000 -3000 -3500 
4005 -2055 -3105 -3600 -2000 -3000 -3500 
3998 -2055 -3120 -3585 -2000 -3000 -3500 
4207 -2040 -3105 -3585 -2000 -3000 -3500 
3791 -2055 -3090 -3585 -2000 -3000 -3500 
3997 -2040 -3075 -3585 -2000 -3000 -3500 
4002 -2055 -3090 -3570 -2000 -3000 -3500 
3999 -2055 -3075 -3570 -2000 -3000 -3500 
4208 -2040 -3075 -3585 -2000 -3000 -3500 
3793 -2055 -3060 -3585 -2000 -3000 -3500 
4038 -2055 -3060 -3570 -2000 -3000 -3500 
3925 -2055 -3045 -3555 -2000 -3000 -3500 
4037 -2040 -3060 -3570 -2000 -3000 -3500 
4206 -2055 -3045 -3555 -2000 -3000 -3500 
3791 -2055 -3045 -3570 -2000 -3000 -3500 
4000 -2055 -3045 -3555 -2000 -3000 -3500 
4000 -2040 -3045 -3555 -2000 -3000 -3500 
4002 -2040 -3045 -3555 -2000 -3000 -3500 
4206 -2055 -3030 -3555 -2000 -3000 -3500 
3793 -2055 -3030 -3555 -2000 -3000 -3500 
3976 -2055 -3030 -3555 -2000 -3000 -3500 
3996 -2055 -3045 -3555 -2000 -3000 -3500 
4016 -2055 -3030 -3555 -2000 -3000 -3500 
4218 -2040 -3030 -3540 -2000 -3000 -3500 
3792 -2040 -3015 -3540 -2000 -3000 -3500 
3989 -2055 -3030 -3555 -2000 -3000 -3500 
4011 -2055 -3030 -3555 -2000 -3000 -3500 
3999 -2055 -3015 -3540 -2000 -3000 -3500 
4206 -2055 -3030 -3540 -2000 -3000 -3500 
3769 -2040 -3015 -3555 -2000 -3000 -3500 
3998 -2040 -3030 -3555 -2000 -3000 -3500 
4032 -2040 -3030 -3555 -2000 -3000 -3500 
3993 -2055 -3030 -3540 -2000 -3000 -3500 
4201 -2055 -3015 -3555 -2000 -3000 -3500 
3793 -2040 -3030 -3555 -2000 -3000 -3500 
3998 -2040 -3030 -3540 -2000 -3000 -3500 
4001 -2040 -3030 -3540 -2000 -3000 -3500 
3999 -2040 -3030 -3540 -2000 -3000 -3500 
4245 -2040 -3030 -3555 -2000 -3000 -3500 
3759 -2040 -3030 -3540 -2000 -3000 -3500 
4005 -2040 -3030 -3540 -2000 -3000 -3500 
3990 -2040 -3045 -3540 -2000 -3000 -3500 
3999 -2025 -3045 -3540 -2000 -3000 -3500 
4213 -2025 -3045 -3540 -2000 -3000 -3500 
3790 -2040 -3030 -3540 -2000 -3000 -3500 
4001 -2025 -3045 -3525 -2000 -3000 -3500 
3999 -2040 -3030 -3555 -2000 -3000 -3500 
4014 -2025 -3030 -3540 -2000 -3000 -3500 
4199 -2025 -3030 -3525 -2000 -3000 -3500 
3798 -2025 -3030 -3540 -2000 -3000 -3500 
3971 -2025 -3045 -3540 -2000 -3000 -3500 
4017 -2025 -3045 -3525 -2000 -3000 -3500 
4001 -2025 -3045 -3525 -2000 -3000 -3500 
4205 -2025 -3030 -3510 -2000 -3000 -3500 
3793 -2010 -3030 -3510 -2000 -3000 -3500 
3999 -2025 -3030 -3510 -2000 -3000 -3500 
3996 -2025 -3015 -3510 -2000 -3000 -3500 
4013 -2010 -3015 -3510 -2000 -3000 -3500 
4212 -2025 -3015 -3495 -2000 -3000 -3500 
3811 -2025 -3000 -3510 -2000 -3000 -3500 
3998 -2025 -3000 -3495 -2000 -3000 -3500 
3975 -2025 -3000 -3480 -2000 -3000 -3500 
4026 -2025 -3000 -3480 -2000 -3000 -3500 
4206 -2025 -2985 -3495 -2000 -3000 -3500 
3793 -2025 -2970 -3480 -2000 -3000 -3500 
4000 -2025 -2985 -3465 -2000 -3000 -3500 
3969 -2010 -2985 -3480 -2000 -3000 -3500 
4004 -2010 -2985 -3480 -2000 -3000 -3500 
4237 -2025 -2970 -3480 -2000 -3000 -3500 
3790 -2025 -2970 -3480 -2000 -3000 -3500 
4000 -2025 -2985 -3480 -2000 -3000 -3500 
3999 -2010 -2970 -3480 -2000 -3000 -3500 
3997 -2010 -2970 -3480 -2000 -3000 -3500 
4207 -2025 -2970 -3465 -2000 -3000 -3500 
3792 -2025 -2985 -3465 -2000 -3000 -3500 
4011 -2025 -2970 -3480 -2000 -3000 -3500 
3954 -2010 -2970 -3480 -2000 -3000 -3500 
4043 -2025 -2970 -3480 -2000 -3000 -3500 
4202 -2025 -2970 -3480 -2000 -3000 -3500 
3792 -2025 -2985 -3465 -2000 -3000 -3500 
3976 -2025 -2970 -3480 -2000 -3000 -3500 
4024 -2025 -2970 -3480 -2000 -3000 -3500 
4000 -2010 -2985 -3465 -2000 -3000 -3500 
4207 -2010 -2985 -3465 -2000 -3000 -3500 
3763 -2010 -2970 -3465 -2000 -3000 -3500 
4023 -1995 -2985 -3480 -2000 -3000 -3500 
4008 -1995 -2985 -3480 -2000 -3000 -3500 
3993 -1995 -2985 -3465 -2000 -3000 -3500 
4181 -1995 -2985 -3480 -2000 -3000 -3500 
3817 -1995 -2985 -3480 -2000 -3000 -3500 
4000 -2010 -2985 -3480 -2000 -3000 -3500 
3999 -1995 -2985 -3465 -2000 -3000 -3500 
4000 -1995 -2985 -3480 -2000 -3000 -3500 
4195 -1980 -2985 -3480 -2000 -3000 -3500 
3812 -1995 -2985 -3480 -2000 -3000 -3500 
4004 -1995 -2985 -3465 -2000 -3000 -3500 
3996 -1995 -2985 -3465 -2000 -3000 -3500 
3998 -1995 -2985 -3480 -2000 -3000 -3500 
4207 -1995 -2985 -3480 -2000 -3000 -3500 
3794 -1995 -2970 -3480 -2000 -3000 -3500 
3998 -1995 -2985 -3480 -2000 -3000 -3500 
4001 -1980 -2985 -3480 -2000 -3000 -3500 
3981 -1995 -2985 -3480 -2000 -3000 -3500 
4198 -1995 -2985 -3480 -2000 -3000 -3500 
3816 -1995 -2970 -3480 -2000 -3000 -3500 
3997 -1995 -2985 -3480 -2000 -3000 -3500 
4001 -1980 -2985 -3495 -2000 -3000 -3500 
3996 -1980 -3000 -3480 -2000 -3000 -3500 
4185 -1980 -2985 -3480 -2000 -3000 -3500 
3819 -1980 -2970 -3465 -2000 -3000 -3500 
3998 -1980 -2985 -3495 -2000 -3000 -3500 
4005 -1980 -2985 -3495 -2000 -3000 -3500 
4005 -1995 -2985 -3480 -2000 -3000 -3500 
4206 -1995 -2985 -3480 -2000 -3000 -3500 
3784 -1980 -2985 -3480 -2000 -3000 -3500 
4001 -1980 -2985 -3495 -2000 -3000 -3500 
3997 -1995 -2985 -3480 -2000 -3000 -3500 
4000 -1995 -2985 -3480 -2000 -3000 -3500 
4209 -1980 -2985 -3480 -2000 -3000 -3500 
3792 -1995 -2985 -3495 -2000 -3000 -3500 
3999 -1995 -2985 -3480 -2000 -3000 -3500 
4013 -1980 -2985 -3480 -2000 -3000 -3500 
4039 -1995 -2985 -3480 -2000 -3000 -3500 
4130 -1995 -2985 -3495 -2000 -3000 -3500 
3830 -1995 -2985 -3495 -2000 -3000 -3500 
3991 -1995 -2985 -3480 -2000 -3000 -3500 
3962 -1980 -3000 -3480 -2000 -3000 -3500 
4044 -1980 -3000 -3495 -2000 -3000 -3500 
4202 -1995 -2985 -3495 -2000 -3000 -3500 
3791 -1980 -2985 -3480 -2000 -3000 -3500 
4008 -1980 -3000 -3480 -2000 -3000 -3500 
4001 -1980 -3000 -3480 -2000 -3000 -3500 
3993 -1995 -3000 -3495 -2000 -3000 -3500 
4207 -1995 -3000 -3495 -2000 -3000 -3500 
3792 -1980 -2985 -3480 -2000 -3000 -3500 
4005 -1995 -2985 -3495 -2000 -3000 -3500 
3996 -1995 -3000 -3480 -2000 -3000 -3500 
3999 -1995 -2985 -3495 -2000 -3000 -3500 
4206 -1980 -2985 -3480 -2000 -3000 -3500 
3771 -1995 -2985 -3480 -2000 -3000 -3500 
3995 -1995 -2985 -3480 -2000 -3000 -3500 
4029 -1995 -2985 -3495 -2000 -3000 -3500 
3993 -1995 -2985 -3495 -2000 -3000 -3500 
4207 -1995 -3000 -3480 -2000 -3000 -3500 
3793 -1995 -2985 -3480 -2000 -3000 -3500 
3999 -1980 -2985 -3495 -2000 -3000 -3500 
3999 -1995 -2985 -3480 -2000 -3000 -3500 
3999 -1995 -3000 -3480 -2000 -3000 -3500 
4221 -1995 -2970 -3480 -2000 -3000 -3500 
3787 -1995 -2985 -3495 -2000 -3000 -3500 
4004 -1995 -2970 -3480 -2000 -3000 -3500 
3953 -1995 -2985 -3480 -2000 -3000 -3500 
3996 -1995 -2985 -3480 -2000 -3000 -3500 
4252 -1980 -2970 -3480 -2000 -3000 -3500 
3795 -1995 -2985 -3495 -2000 -3000 -3500 
4023 -1995 -2985 -3495 -2000 -3000 -3500 
3998 -1995 -2985 -3480 -2000 -3000 -3500 
4007 -1995 -2985 -3480 -2000 -3000 -3500 
4178 -1995 -2970 -3480 -2000 -3000 -3500 
3824 -1980 -2985 -3480 -2000 -3000 -3500 
3992 -1995 -2985 -3480 -2000 -3000 -3500 
4000 -1995 -2985 -3495 -2000 -3000 -3500 
4000 -1980 -2985 -3480 -2000 -3000 -3500 
4181 -1995 -2985 -3495 -2000 -3000 -3500 
3819 -1995 -2970 -3480 -2000 -3000 -3500 
3999 -1995 -2985 -3480 -2000 -3000 -3500 
4000 -1995 -2985 -3480 -2000 -3000 -3500 
3978 -1995 -2985 -3480 -2000 -3000 -3500 
4176 -1995 -2985 -3480 -2000 -3000 -3500 
3846 -1980 -2985 -3480 -2000 -3000 -3500 
4000 -1995 -2985 -3480 -2000 -3000 -3500 
3999 -1995 -3000 -3480 -2000 -3000 -3500 
3998 -1995 -2985 -3480 -2000 -3000 -3500 
4210 -1995 -3000 -3480 -2000 -3000 -3500 
3791 -1995 -2985 -3480 -2000 -3000 -3500 
3998 -1995 -2985 -3480 -2000 -3000 -3500 
4012 -1995 -3000 -3480 -2000 -3000 -3500 
3986 -1980 -3000 -3480 -2000 -3000 -3500 
4209 -1995 -3000 -3480 -2000 -3000 -3500 
3796 -1980 -2985 -3480 -2000 -3000 -3500 
3997 -1995 -3000 -3480 -2000 -3000 -3500 
3999 -1995 -3000 -3495 -2000 -3000 -3500 
4001 -1980 -3000 -3465 -2000 -3000 -3500 
4207 -1995 -3000 -3495 -2000 -3000 -3500 
3793 -1980 -2985 -3480 -2000 -3000 -3500 
3978 -1995 -3000 -3480 -2000 -3000 -3500 
3998 -1995 -2985 -3480 -2000 -3000 -3500 
4015 -1995 -2985 -3480 -2000 -3000 -3500 
4217 -1995 -2985 -3495 -2000 -3000 -3500 
3791 -1995 -2985 -3495 -2000 -3000 -3500 
4000 -1995 -3000 -3480 -2000 -3000 -3500 
3993 -1995 -2985 -3480 -2000 -3000 -3500 
3999 -1995 -2985 -3480 -2000 -3000 -3500 
4216 -1980 -3000 -3480 -2000 -3000 -3500 
3797 -1995 -2970 -3480 -2000 -3000 -3500 
3997 -1995 -2985 -3480 -2000 -3000 -3500 
4004 -1980 -3000 -3480 -2000 -3000 -3500 
3993 -1995 -2985 -3495 -2000 -3000 -3500 
4207 -1995 -2985 -3480 -2000 -3000 -3500 
3792 -1980 -2985 -3480 -2000 -3000 -3500 
3999 -1995 -2985 -3480 -2000 -3000 -3500 
4001 -1995 -2985 -3480 -2000 -3000 -3500 
3999 -1980 -2985 -3480 -2000 -3000 -3500 
4171 -1995 -2985 -3480 -2000 -3000 -3500 
3832 -1980 -2985 -3480 -2000 -3000 -3500 
4005 -1980 -2985 -3495 -2000 -3000 -3500 
3992 -1995 -2985 -3495 -2000 -3000 -3500 
3999 -1995 -2985 -3480 -2000 -3000 -3500 
4209 -1995 -2985 -3480 -2000 -3000 -3500 
3794 -1995 -2985 -3480 -2000 -3000 -3500 
3997 -1995 -2985 -3495 -2000 -3000 -3500 
4000 -1995 -2985 -3495 -2000 -3000 -3500 
3985 -1995 -2985 -3480 -2000 -3000 -3500 
4187 -1995 -2985 -3480 -2000 -3000 -3500 
3809 -1980 -2985 -3480 -2000 -3000 -3500 
4013 -1995 -2985 -3480 -2000 -3000 -3500 
4005 -1995 -2985 -3480 -2000 -3000 -3500 
3999 -1995 -2985 -3480 -2000 -3000 -3500 
4207 -1995 -2985 -3480 -2000 -3000 -3500 
3794 -1995 -2985 -3495 -2000 -3000 -3500 
3999 -1980 -2970 -3480 -2000 -3000 -3500 
3978 -1995 -3000 -3480 -2000 -3000 -3500 
4033 -1995 -2985 -3495 -2000 -3000 -3500 
4164 -1995 -2985 -3495 -2000 -3000 -3500 
3794 -1980 -2985 -3495 -2000 -3000 -3500 
4030 -1995 -2985 -3480 -2000 -3000 -3500 
3999 -1995 -3000 -3495 -2000 -3000 -3500 
4000 -1980 -2985 -3495 -2000 -3000 -3500 
4208 -1995 -3000 -3495 -2000 -3000 -3500 
3791 -1995 -2985 -3495 -2000 -3000 -3500 
4000 -1980 -2985 -3495 -2000 -3000 -3500 
3978 -1995 -3000 -3495 -2000 -3000 -3500 
4016 -1995 -3000 -3510 -2000 -3000 -3500 
4211 -1995 -2985 -3495 -2000 -3000 -3500 
3789 -1995 -2985 -3510 -2000 -3000 -3500 
3999 -1995 -2985 -3495 -2000 -3000 -3500 
4001 -1995 -2985 -3510 -2000 -3000 -3500 
3998 -1995 -2985 -3510 -2000 -3000 -3500 
4182 -1995 -2985 -3495 -2000 -3000 -3500 
3819 -1995 -2970 -3510 -2000 -3000 -3500 
4014 -1995 -2985 -3510 -2000 -3000 -3500 
3993 -1995 -2985 -3510 -2000 -3000 -3500 
4006 -1980 -2985 -3495 -2000 -3000 -3500 
4198 -1995 -2985 -3495 -2000 -3000 -3500 
3793 -1995 -2985 -3510 -2000 -3000 -3500 
4001 -1980 -2970 -3510 -2000 -3000 -3500 
4000 -1995 -2985 -3495 -2000 -3000 -3500 
3999 -1995 -2985 -3510 -2000 -3000 -3500 
4206 -1995 -2985 -3510 -2000 -3000 -3500 
3819 -1995 -2985 -3510 -2000 -3000 -3500 
3978 -1995 -2985 -3510 -2000 -3000 -3500 
3996 -1995 -3000 -3510 -2000 -3000 -3500 
4027 -1995 -3000 -3495 -2000 -3000 -3500 
4143 -1995 -3000 -3510 -2000 -3000 -3500 
3855 -1995 -2985 -3495 -2000 -3000 -3500 
3999 -1995 -3000 -3510 -2000 -3000 -3500 
3994 -1995 -3000 -3510 -2000 -3000 -3500 
3999 -1995 -3015 -3510 -2000 -3000 -3500 
4187 -1980 -3000 -3510 -2000 -3000 -3500 
3823 -1995 -3015 -3510 -2000 -3000 -3500 
3966 -1995 -3000 -3510 -2000 -3000 -3500 
4026 -1995 -3000 -3510 -2000 -3000 -3500 
3999 -1995 -3015 -3510 -2000 -3000 -3500 
4179 -1980 -3015 -3510 -2000 -3000 -3500 
3819 -1995 -3015 -3510 -2000 -3000 -3500 
4000 -1995 -3015 -3510 -2000 -3000 -3500 
4000 -1995 -3015 -3510 -2000 -3000 -3500 
3999 -1980 -3015 -3510 -2000 -3000 -3500 
4193 -1980 -3015 -3510 -2000 -3000 -3500 
3778 -1995 -3000 -3510 -2000 -3000 -3500 
4035 -1980 -3015 -3510 -2000 -3000 -3500 
3994 -1995 -3015 -3510 -2000 -3000 -3500 
3999 -1995 -3015 -3495 -2000 -3000 -3500 
4180 -1980 -3015 -3510 -2000 -3000 -3500 
3820 -1995 -3000 -3510 -2000 -3000 -3500 
4001 -1995 -3000 -3510 -2000 -3000 -3500 
4006 -1995 -3015 -3510 -2000 -3000 -3500 
4005 -1995 -3000 -3495 -2000 -3000 -3500 
4176 -1995 -3015 -3510 -2000 -3000 -3500 
3822 -1995 -3015 -3510 -2000 -3000 -3500 
3995 -1995 -3000 -3495 -2000 -3000 -3500 
4001 -1995 -3000 -3495 -2000 -3000 -3500 
4000 -1980 -3000 -3510 -2000 -3000 -3500 
4180 -1995 -3000 -3510 -2000 -3000 -3500 
3819 -1995 -3000 -3495 -2000 -3000 -3500 
3999 -1995 -3000 -3495 -2000 -3000 -3500 
3979 -1995 -3000 -3495 -2000 -3000 -3500 
3986 -1995 -3000 -3510 -2000 -3000 -3500 
4214 -1995 -3015 -3510 -2000 -3000 -3500 
3815 -1995 -3000 -3510 -2000 -3000 -3500 
3997 -1995 -3000 -3510 -2000 -3000 -3500 
4003 -1995 -3000 -3510 -2000 -3000 -3500 
3999 -1995 -3000 -3495 -2000 -3000 -3500 
4181 -1995 -3000 -3495 -2000 -3000 -3500 
3803 -1995 -3000 -3495 -2000 -3000 -3500 
3997 -1980 -3000 -3510 -2000 -3000 -3500 
3996 -1995 -3000 -3510 -2000 -3000 -3500 
4012 -1995 -3015 -3510 -2000 -3000 -3500 
4222 -1995 -3000 -3510 -2000 -3000 -3500 
3794 -1980 -2985 -3495 -2000 -3000 -3500 
3999 -1965 -2955 -3465 -2000 -3000 -3500 
4001 -1950 -2940 -3450 -2000 -3000 -3500 
3999 -1935 -2925 -3420 -2000 -3000 -3500 
4175 -1905 -2895 -3405 -2000 -3000 -3500 
3817 -1890 -2880 -3390 -2000 -3000 -3500 
3986 -1875 -2850 -3360 -2000 -3000 -3500 
4002 -1860 -2835 -3345 -2000 -3000 -3500 
4018 -1845 -2805 -3315 -2000 -3000 -3500 
4180 -1845 -2790 -3285 -2000 -3000 -3500 
3818 -1815 -2760 -3270 -2000 -3000 -3500 
4001 -1800 -2745 -3240 -2000 -3000 -3500 
4001 -1770 -2730 -3225 -2000 -3000 -3500 
4000 -1755 -2700 -3210 -2000 -3000 -3500 
4207 -1755 -2670 -3180 -2000 -3000 -3500 
3769 -1725 -2655 -3165 -2000 -3000 -3500 
4018 -1710 -2640 -3150 -2000 -3000 -3500 
4001 -1695 -2625 -3120 -2000 -3000 -3500 
4000 -1680 -2610 -3105 -2000 -3000 -3500 
4180 -1665 -2580 -3075 -2000 -3000 -3500 
3817 -1650 -2565 -3060 -2000 -3000 -3500 
4000 -1635 -2535 -3045 -2000 -3000 -3500 
4001 -1620 -2520 -3015 -2000 -3000 -3500 
3998 -1605 -2490 -3000 -2000 -3000 -3500 
4239 -1590 -2475 -2970 -2000 -3000 -3500 
3732 -1575 -2445 -2955 -2000 -3000 -3500 
4042 -1545 -2430 -2940 -2000 -3000 -3500 
3990 -1545 -2415 -2910 -2000 -3000 -3500 
3996 -1530 -2400 -2895 -2000 -3000 -3500 
4182 -1515 -2370 -2880 -2000 -3000 -3500 
3819 -1500 -2370 -2850 -2000 -3000 -3500 
4000 -1485 -2340 -2835 -2000 -3000 -3500 
3999 -1470 -2325 -2805 -2000 -3000 -3500 
3984 -1455 -2310 -2790 -2000 -3000 -3500 
4168 -1425 -2280 -2775 -2000 -3000 -3500 
3853 -1425 -2250 -2745 -2000 -3000 -3500 
3996 -1410 -2250 -2730 -2000 -3000 -3500 
3999 -1395 -2220 -2700 -2000 -3000 -3500 
3999 -1380 -2205 -2685 -2000 -3000 -3500 
4182 -1365 -2190 -2670 -2000 -3000 -3500 
3817 -1350 -2160 -2655 -2000 -3000 -3500 
3971 -1320 -2145 -2640 -2000 -3000 -3500 
4026 -1305 -2130 -2610 -2000 -3000 -3500 
4016 -1305 -2115 -2595 -2000 -3000 -3500 
4209 -1290 -2100 -2580 -2000 -3000 -3500 
3784 -1275 -2070 -2565 -2000 -3000 -3500 
3999 -1260 -2070 -2550 -2000 -3000 -3500 
4000 -1245 -2040 -2535 -2000 -3000 -3500 
4025 -1230 -2025 -2505 -2000 -3000 -3500 
4180 -1215 -2010 -2475 -2000 -3000 -3500 
3820 -1200 -1995 -2460 -2000 -3000 -3500 
4000 -1200 -1965 -2445 -2000 -3000 -3500 
3974 -1170 -1965 -2445 -2000 -3000 -3500 
3991 -1170 -1950 -2415 -2000 -3000 -3500 
4217 -1155 -1920 -2385 -2000 -3000 -3500 
3818 -1140 -1905 -2370 -2000 -3000 -3500 
3998 -1125 -1890 -2355 -2000 -3000 -3500 
4001 -1110 -1860 -2340 -2000 -3000 -3500 
3998 -1095 -1860 -2325 -2000 -3000 -3500 
4182 -1080 -1830 -2295 -2000 -3000 -3500 
3819 -1080 -1830 -2280 -2000 -3000 -3500 
3978 -1050 -1800 -2265 -2000 -3000 -3500 
4015 -1050 -1785 -2250 -2000 -3000 -3500 
4007 -1035 -1770 -2235 -2000 -3000 -3500 
4206 -1020 -1755 -2205 -2000 -3000 -3500 
3793 -1005 -1740 -2190 -2000 -3000 -3500 
4000 -990 -1710 -2175 -2000 -3000 -3500 
4000 -990 -1710 -2145 -2000 -3000 -3500 
4000 -975 -1695 -2145 -2000 -3000 -3500 
4179 -960 -1680 -2115 -2000 -3000 -3500 
3797 -945 -1665 -2100 -2000 -3000 -3500 
3988 -930 -1635 -2085 -2000 -3000 -3500 
4040 -915 -1635 -2070 -2000 -3000 -3500 
3990 -915 -1605 -2055 -2000 -3000 -3500 
4180 -885 -1590 -2025 -2000 -3000 -3500 
3817 -870 -1575 -2025 -2000 -3000 -3500 
4001 -870 -1560 -1995 -2000 -3000 -3500 
4000 -855 -1545 -1980 -2000 -3000 -3500 
3998 -840 -1545 -1980 -2000 -3000 -3500 
4244 -840 -1530 -1950 -2000 -3000 -3500 
3735 -825 -1515 -1935 -2000 -3000 -3500 
4030 -810 -1485 -1920 -2000 -3000 -3500 
3992 -795 -1470 -1905 -2000 -3000 -3500 
3998 -780 -1455 -1875 -2000 -3000 -3500 
4234 -780 -1455 -1875 -2000 -3000 -3500 
3768 -765 -1425 -1860 -2000 -3000 -3500 
4000 -750 -1410 -1830 -2000 -3000 -3500 
3998 -735 -1395 -1815 -2000 -3000 -3500 
3999 -720 -1395 -1815 -2000 -3000 -3500 
4207 -720 -1380 -1785 -2000 -3000 -3500 
3764 -705 -1365 -1770 -2000 -3000 -3500 
4042 -690 -1350 -1755 -2000 -3000 -3500 
3994 -675 -1335 -1740 -2000 -3000 -3500 
3999 -675 -1320 -1725 -2000 -3000 -3500 
4181 -660 -1305 -1710 -2000 -3000 -3500 
3819 -645 -1275 -1695 -2000 -3000 -3500 
3999 -630 -1260 -1695 -2000 -3000 -3500 
4000 -615 -1245 -1680 -2000 -3000 -3500 
3976 -615 -1245 -1650 -2000 -3000 -3500 
4199 -600 -1230 -1635 -2000 -3000 -3500 
3828 -585 -1215 -1620 -2000 -3000 -3500 
3992 -570 -1200 -1605 -2000 -3000 -3500 
3998 -570 -1185 -1590 -2000 -3000 -3500 
4000 -555 -1170 -1575 -2000 -3000 -3500 
4234 -555 -1155 -1560 -2000 -3000 -3500 
3766 -525 -1140 -1545 -2000 -3000 -3500 
3999 -525 -1125 -1530 -2000 -3000 -3500 
4013 -525 -1110 -1530 -2000 -3000 -3500 
3994 -510 -1095 -1500 -2000 -3000 -3500 
4182 -495 -1080 -1485 -2000 -3000 -3500 
3818 -480 -1065 -1470 -2000 -3000 -3500 
4000 -465 -1050 -1455 -2000 -3000 -3500 
3997 -465 -1050 -1440 -2000 -3000 -3500 
4001 -450 -1020 -1425 -2000 -3000 -3500 
4180 -450 -1020 -1410 -2000 -3000 -3500 
3820 -435 -1005 -1410 -2000 -3000 -3500 
3978 -420 -990 -1380 -2000 -3000 -3500 
3979 -405 -975 -1365 -2000 -3000 -3500 
4046 -405 -960 -1365 -2000 -3000 -3500 
4172 -390 -945 -1350 -2000 -3000 -3500 
3817 -375 -930 -1320 -2000 -3000 -3500 
4000 -360 -915 -1320 -2000 -3000 -3500 
4001 -360 -915 -1290 -2000 -3000 -3500 
3998 -345 -885 -1275 -2000 -3000 -3500 
4234 -330 -885 -1275 -2000 -3000 -3500 
3776 -330 -870 -1260 -2000 -3000 -3500 
3974 -315 -855 -1245 -2000 -3000 -3500 
3992 -300 -840 -1230 -2000 -3000 -3500 
4031 -300 -825 -1215 -2000 -3000 -3500 
4263 -285 -810 -1215 -2000 -3000 -3500 
3735 -285 -810 -1185 -2000 -3000 -3500 
4001 -270 -795 -1185 -2000 -3000 -3500 
3998 -255 -780 -1170 -2000 -3000 -3500 
4000 -255 -765 -1140 -2000 -3000 -3500 
4207 -240 -750 -1125 -2000 -3000 -3500 
3769 -225 -735 -1125 -2000 -3000 -3500 
3990 -210 -735 -1110 -2000 -3000 -3500 
4036 -210 -720 -1095 -2000 -3000 -3500 
3993 -210 -705 -1080 -2000 -3000 -3500 
4181 -195 -690 -1080 -2000 -3000 -3500 
3818 -180 -675 -1065 -2000 -3000 -3500 
4025 -180 -675 -1050 -2000 -3000 -3500 
3979 -165 -660 -1035 -2000 -3000 -3500 
4027 -165 -645 -1020 -2000 -3000 -3500 
4156 -165 -630 -1005 -2000 -3000 -3500 
3837 -150 -615 -990 -2000 -3000 -3500 
4010 -135 -615 -975 -2000 -3000 -3500 
3992 -120 -600 -975 -2000 -3000 -3500 
3997 -120 -585 -945 -2000 -3000 -3500 
4235 -105 -585 -930 -2000 -3000 -3500 
3765 -105 -570 -930 -2000 -3000 -3500 
4000 -90 -555 -915 -2000 -3000 -3500 
4002 -90 -540 -900 -2000 -3000 -3500 
3982 -75 -525 -900 -2000 -3000 -3500 
4217 -75 -525 -885 -2000 -3000 -3500 
3811 -60 -510 -870 -2000 -3000 -3500 
3988 -45 -495 -855 -2000 -3000 -3500 
3999 -45 -495 -855 -2000 -3000 -3500 
3998 -45 -465 -840 -2000 -3000 -3500 
4235 -30 -465 -825 -2000 -3000 -3500 
3766 -15 -450 -825 -2000 -3000 -3500 
3997 0 -450 -810 -2000 -3000 -3500 
4011 0 -420 -795 -2000 -3000 -3500 
3969 0 -420 -780 -2000 -3000 -3500 
4265 0 -405 -765 -2000 -3000 -3500 
3757 0 -405 -765 -2000 -3000 -3500 
4000 0 -390 -750 -2000 -3000 -3500 
3999 0 -375 -720 -2000 -3000 -3500 
4001 0 -375 -705 -2000 -3000 -3500 
4231 0 -360 -705 -2000 -3000 -3500 
3766 0 -345 -690 -2000 -3000 -3500 
4001 0 -345 -690 -2000 -3000 -3500 
4011 0 -330 -675 -2000 -3000 -3500 
3998 0 -330 -660 -2000 -3000 -3500 
4173 0 -300 -660 -2000 -3000 -3500 
3818 0 -300 -645 -2000 -3000 -3500 
3999 0 -285 -630 -2000 -3000 -3500 
4000 0 -285 -630 -2000 -3000 -3500 
3999 0 -270 -615 -2000 -3000 -3500 
4234 0 -255 -600 -2000 -3000 -3500 
3767 0 -240 -585 -2000 -3000 -3500 
3981 0 -240 -570 -2000 -3000 -3500 
3987 0 -240 -570 -2000 -3000 -3500 
4042 0 -210 -555 -2000 -3000 -3500 
4176 0 -210 -540 -2000 -3000 -3500 
3816 0 -195 -525 -2000 -3000 -3500 
4002 0 -195 -525 -2000 -3000 -3500 
4001 0 -180 -510 -2000 -3000 -3500 
3999 0 -180 -510 -2000 -3000 -3500 
4182 0 -165 -495 -2000 -3000 -3500 
3793 0 -150 -480 -2000 -3000 -3500 
4018 0 -150 -465 -2000 -3000 -3500 
4007 0 -135 -465 -2000 -3000 -3500 
3981 0 -120 -450 -2000 -3000 -3500 
4415 0 -120 -435 -2000 -3000 -3500 
3575 0 -105 -435 -2000 -3000 -3500 
3999 0 -105 -420 -2000 -3000 -3500 
3999 0 -90 -405 -2000 -3000 -3500 
3989 0 -75 -405 -2000 -3000 -3500 
4197 0 -75 -390 -2000 -3000 -3500 
3805 0 -75 -375 -2000 -3000 -3500 
3999 0 -45 -375 -2000 -3000 -3500 
4044 0 -45 -360 -2000 -3000 -3500 
3988 0 -45 -360 -2000 -3000 -3500 
4234 0 -30 -345 -2000 -3000 -3500 
3777 0 -30 -330 -2000 -3000 -3500 
3994 0 -15 -330 -2000 -3000 -3500 
3998 0 -15 -315 -2000 -3000 -3500 
3987 0 0 -300 -2000 -3000 -3500 
4201 0 0 -300 -2000 -3000 -3500 
3786 0 0 -285 -2000 -3000 -3500 
3988 0 0 -270 -2000 -3000 -3500 
4033 0 0 -270 -2000 -3000 -3500 
3976 0 0 -255 -2000 -3000 -3500 
4282 0 0 -240 -2000 -3000 -3500 
3740 0 0 -225 -2000 -3000 -3500 
4000 0 0 -225 -2000 -3000 -3500 
4005 0 0 -225 -2000 -3000 -3500 
3994 0 0 -210 -2000 -3000 -3500 
4246 0 0 -195 -2000 -3000 -3500 
3732 0 0 -195 -2000 -3000 -3500 
4002 0 0 -195 -2000 -3000 -3500 
4026 0 0 -180 -2000 -3000 -3500 
4003 0 0 -165 -2000 -3000 -3500 
4171 0 0 -165 -2000 -3000 -3500 
3792 0 0 -150 -2000 -3000 -3500 
4030 0 0 -135 -2000 -3000 -3500 
3994 0 0 -135 -2000 -3000 -3500 
4002 0 0 -120 -2000 -3000 -3500 
4191 0 0 -120 -2000 -3000 -3500 
3783 0 0 -105 -2000 -3000 -3500 
4028 0 0 -105 -2000 -3000 -3500 
4004 0 0 -90 -2000 -3000 -3500 
3970 0 0 -75 -2000 -3000 -3500 
4210 0 0 -75 -2000 -3000 -3500 
3813 0 0 -60 -2000 -3000 -3500 
4026 0 0 -60 -2000 -3000 -3500 
3975 0 0 -45 -2000 -3000 -3500 
4016 0 0 -30 -2000 -3000 -3500 
4155 0 0 -30 -2000 -3000 -3500 
3854 0 0 -15 -2000 -3000 -3500 
3970 0 0 -15 -2000 -3000 -3500 
4007 0 0 0 -2000 -3000 -3500 
3997 0 0 0 -2000 -3000 -3500 
